# args=-index peach_reduced.fa
# predictions are reported in the following way
# s(ret) e(ret) l(ret) s(lLTR) e(lLTR) l(lLTR) s(rLTR) e(rLTR) l(rLTR) sim(LTRs) seq-nr 
# where:
# s = starting position
# e = ending position
# l = length
# ret = LTR-retrotransposon
# lLTR = left LTR
# rLTR = right LTR
# sim = similarity
# seq-nr = sequence number
21842  23654  1813  21842  22029  188  23470  23654  185  93.09  0
35770  38282  2513  35770  36058  289  37988  38282  295  88.47  0
53281  58305  5025  53281  53554  274  58041  58305  265  91.61  0
75609  76910  1302  75609  75737  129  76780  76910  131  87.02  0
84436  89645  5210  84436  84709  274  89373  89645  273  98.91  0
266  2682  2417  266  743  478  2199  2682  484  94.42  1
27990  31407  3418  27990  28560  571  30839  31407  569  96.50  1
37522  39628  2107  37522  37815  294  39340  39628  289  87.41  1
42428  46000  3573  42428  42807  380  45626  46000  375  90.79  1
75342  85156  9815  75342  75698  357  84792  85156  365  85.75  1
954  4400  3447  954  1659  706  3690  4400  711  92.26  2
1248  3467  2220  1248  1566  319  3153  3467  315  95.61  3
55254  57442  2189  55254  56177  924  56524  57442  919  93.72  3
4531  14654  10124  4531  4864  334  14321  14654  334  98.50  4
39621  41522  1902  39621  40252  632  40889  41522  634  91.96  4
69969  73213  3245  69969  70503  535  72682  73213  532  90.84  4
91389  92525  1137  91389  91510  122  92396  92525  130  87.69  4
33602  38817  5216  33602  34507  906  37918  38817  900  94.81  5
50561  52319  1759  50561  50996  436  51878  52319  442  87.33  5
52587  54766  2180  52587  52703  117  54651  54766  116  89.74  5
62800  64613  1814  62800  63082  283  64333  64613  281  87.99  5
91023  96769  5747  91023  91391  369  96392  96769  378  96.83  5
2193  3426  1234  2193  2344  152  3280  3426  147  94.08  6
13880  19653  5774  13880  14183  304  19363  19653  291  93.42  6
60908  66283  5376  60908  61163  256  66027  66283  257  97.28  6
68541  70785  2245  68541  68649  109  70673  70785  113  85.84  6
73615  79432  5818  73615  74368  754  78672  79432  761  96.71  6
89311  90933  1623  89311  89530  220  90716  90933  218  88.18  6
136  1983  1848  136  766  631  1363  1983  621  95.56  7
3911  6140  2230  3911  4243  333  5817  6140  324  89.19  7
12321  18793  6473  12321  12769  449  18346  18793  448  95.55  7
56490  68852  12363  56490  56751  262  68588  68852  265  97.74  7
94631  98228  3598  94631  94769  139  98083  98228  146  89.04  7
